15 0.698828 0.851282 0.200781 0.167521
15 0.668359 0.066667 0.144531 0.112821
15 0.435937 0.441880 0.057813 0.210256
15 0.258203 0.070940 0.514844 0.138462
15 0.369141 0.070940 0.736719 0.138462
15 0.388281 0.745299 0.028125 0.061538
15 0.695312 0.626496 0.375000 0.251282
15 0.692578 0.222222 0.236719 0.071795
15 0.364844 0.564957 0.250000 0.781197
15 0.278125 0.746154 0.028125 0.063248
15 0.170703 0.223077 0.122656 0.107692
15 0.825000 0.064103 0.145313 0.117949
15 0.302734 0.451282 0.058594 0.229060
15 0.155469 0.717949 0.110937 0.105983
15 0.155469 0.470940 0.110937 0.107692
15 0.748047 0.064103 0.297656 0.117949
15 0.155469 0.595726 0.110937 0.107692
15 0.155859 0.841880 0.110156 0.104274
15 0.666406 0.842735 0.026562 0.058120
15 0.692578 0.241026 0.236719 0.109402
15 0.455469 0.252991 0.031250 0.064957
15 0.542578 0.589744 0.016406 0.037607
15 0.155469 0.348718 0.110937 0.105983
15 0.364844 0.776068 0.248438 0.348718
15 0.542578 0.705983 0.016406 0.037607
15 0.178125 0.339316 0.015625 0.035897
15 0.736328 0.706838 0.016406 0.035897
15 0.387891 0.834188 0.027344 0.061538
15 0.376172 0.062393 0.033594 0.076923
15 0.414062 0.063248 0.034375 0.078632
15 0.277734 0.832479 0.027344 0.061538
15 0.361328 0.253846 0.180469 0.063248
15 0.765625 0.039316 0.020313 0.044444
15 0.742969 0.441880 0.203125 0.046154
15 0.580078 0.653846 0.016406 0.035897
15 0.299609 0.564957 0.386719 0.781197
15 0.580078 0.536752 0.016406 0.034188
15 0.277734 0.658120 0.028906 0.061538
15 0.302734 0.063248 0.033594 0.075214
15 0.928125 0.912821 0.092188 0.164103
15 0.703125 0.219658 0.018750 0.039316
15 0.695703 0.440171 0.297656 0.046154
15 0.458594 0.730769 0.012500 0.029060
15 0.340234 0.062393 0.033594 0.076923
15 0.155469 0.792308 0.110937 0.210256
15 0.388672 0.657265 0.025781 0.056410
15 0.764844 0.097436 0.020313 0.037607
15 0.736328 0.588889 0.016406 0.035897
15 0.589063 0.442735 0.103125 0.041026
15 0.172266 0.709402 0.017969 0.041026
15 0.635938 0.344444 0.057813 0.145299
15 0.235156 0.917949 0.037500 0.112821
15 0.333594 0.256410 0.015625 0.037607
15 0.369531 0.450427 0.059375 0.230769
15 0.541406 0.653846 0.015625 0.035897
15 0.702344 0.334188 0.039062 0.083761
15 0.153906 0.063248 0.043750 0.075214
15 0.616406 0.397436 0.020313 0.039316
15 0.171484 0.460684 0.017969 0.042735
15 0.140625 0.341026 0.014063 0.035897
15 0.424219 0.818803 0.026562 0.030769
15 0.297266 0.777778 0.382031 0.352137
15 0.458203 0.642735 0.013281 0.027350
15 0.332813 0.642735 0.010937 0.023932
15 0.388672 0.658974 0.021094 0.042735
15 0.078125 0.515385 0.042188 0.080342
15 0.217578 0.782906 0.036719 0.184615
15 0.767969 0.317094 0.043750 0.117949
15 0.389062 0.835043 0.020313 0.052991
15 0.833594 0.317094 0.046875 0.121368
15 0.695312 0.713675 0.375000 0.425641
15 0.421484 0.764103 0.022656 0.023932
15 0.944531 0.976068 0.081250 0.044444
15 0.713672 0.842735 0.057031 0.058120
15 0.137891 0.830769 0.019531 0.044444
15 0.910937 0.913675 0.143750 0.165812
15 0.208203 0.919658 0.017969 0.088889
15 0.541797 0.535897 0.016406 0.032479
15 0.833984 0.978632 0.130469 0.039316
15 0.149219 0.460684 0.018750 0.042735
15 0.193750 0.585470 0.020313 0.042735
15 0.182031 0.830769 0.018750 0.041026
15 0.571875 0.334188 0.042188 0.083761
15 0.767969 0.279487 0.043750 0.035897
15 0.852734 0.704274 0.010156 0.030769
15 0.136328 0.216239 0.019531 0.042735
15 0.155469 0.412821 0.110937 0.227350
15 0.223438 0.612821 0.025000 0.046154
15 0.679297 0.705128 0.010156 0.032479
15 0.303516 0.540171 0.017969 0.047863
15 0.333203 0.730769 0.011719 0.025641
15 0.150000 0.709402 0.018750 0.041026
15 0.728516 0.842735 0.027344 0.058120
15 0.278125 0.659829 0.018750 0.047863
15 0.598828 0.536752 0.016406 0.034188
15 0.412500 0.255556 0.015625 0.035897
15 0.161719 0.949573 0.070312 0.097436
15 0.726953 0.591453 0.036719 0.041026
15 0.599609 0.653846 0.016406 0.035897
15 0.335938 0.677778 0.062500 0.025641
15 0.415625 0.731624 0.012500 0.027350
15 0.416797 0.819658 0.011719 0.029060
15 0.680469 0.588034 0.012500 0.030769
15 0.421484 0.850427 0.022656 0.025641
15 0.194922 0.709402 0.017969 0.041026
15 0.726562 0.706838 0.035937 0.039316
15 0.224609 0.313675 0.024219 0.090598
15 0.415625 0.644444 0.010937 0.027350
15 0.571094 0.325641 0.054688 0.104274
15 0.196484 0.339316 0.016406 0.035897
15 0.853125 0.587179 0.010937 0.032479
15 0.179297 0.215385 0.017969 0.044444
15 0.389062 0.746154 0.021875 0.049573
15 0.193359 0.460684 0.017969 0.042735
15 0.346094 0.676923 0.042188 0.023932
15 0.326172 0.731624 0.053906 0.030769
15 0.549609 0.398291 0.011719 0.030769
15 0.304688 0.643590 0.012500 0.025641
15 0.218359 0.422222 0.035156 0.276923
15 0.481641 0.027350 0.008594 0.020513
15 0.697266 0.840171 0.027344 0.056410
15 0.157031 0.585470 0.034375 0.042735
15 0.803125 0.982906 0.064062 0.027350
15 0.745703 0.983761 0.044531 0.029060
15 0.129297 0.339316 0.032031 0.035897
15 0.839453 0.278632 0.032031 0.034188
15 0.217969 0.661538 0.035937 0.058120
15 0.170703 0.207692 0.091406 0.066667
15 0.417187 0.676068 0.012500 0.022222
15 0.637109 0.335897 0.039844 0.083761
15 0.159375 0.830769 0.065625 0.044444
15 0.535937 0.951282 0.670312 0.094017
15 0.303125 0.435897 0.042188 0.129915
15 0.437109 0.732479 0.055469 0.032479
15 0.276562 0.834188 0.021875 0.051282
15 0.262500 0.167521 0.012500 0.030769
15 0.421094 0.953846 0.435937 0.088889
15 0.217969 0.643590 0.035937 0.090598
15 0.303516 0.342735 0.011719 0.025641
15 0.366406 0.908547 0.256250 0.111111
15 0.369531 0.440171 0.028125 0.046154
15 0.730469 0.219658 0.031250 0.039316
15 0.369531 0.435897 0.043750 0.136752
15 0.365625 0.872650 0.256250 0.182906
15 0.700781 0.983761 0.135937 0.029060
15 0.416797 0.764103 0.011719 0.020513
15 0.202344 0.215385 0.020313 0.044444
15 0.682031 0.396581 0.017188 0.034188
15 0.326172 0.643590 0.053906 0.029060
15 0.823438 0.039316 0.009375 0.030769
15 0.089453 0.287179 0.038281 0.150427
15 0.288672 0.064103 0.286719 0.083761
15 0.767578 0.337607 0.038281 0.073504
15 0.681641 0.220513 0.017969 0.037607
15 0.876563 0.976068 0.215625 0.044444
15 0.226562 0.928205 0.056250 0.136752
15 0.304688 0.731624 0.012500 0.027350
15 0.360156 0.678632 0.010937 0.023932
15 0.570703 0.536752 0.074219 0.041026
15 0.462500 0.051282 0.025000 0.023932
15 0.369531 0.480342 0.042188 0.047863
15 0.214844 0.157265 0.032813 0.030769
15 0.351562 0.158974 0.029687 0.020513
15 0.437891 0.643590 0.053906 0.029060
15 0.370703 0.342735 0.022656 0.022222
15 0.457813 0.677778 0.040625 0.025641
15 0.310547 0.848718 0.024219 0.029060
15 0.077734 0.312821 0.014844 0.095726
15 0.353125 0.255556 0.015625 0.035897
15 0.147266 0.830769 0.038281 0.044444
15 0.312500 0.817949 0.026562 0.029060
15 0.369531 0.515385 0.057813 0.100855
15 0.369531 0.540171 0.023438 0.051282
15 0.084766 0.311966 0.028906 0.094017
15 0.572656 0.974359 0.126562 0.047863
15 0.302734 0.476068 0.032031 0.046154
15 0.170313 0.586325 0.015625 0.044444
15 0.452734 0.676923 0.003906 0.020513
15 0.867969 0.094017 0.018750 0.030769
15 0.319531 0.064957 0.068750 0.085470
15 0.327734 0.678632 0.003906 0.023932
15 0.156641 0.670940 0.113281 0.206838
15 0.637500 0.428205 0.007812 0.070085
15 0.310156 0.764103 0.023438 0.023932
15 0.229687 0.299145 0.014063 0.109402
15 0.310547 0.676068 0.024219 0.022222
15 0.253516 0.192308 0.050781 0.090598
15 0.822266 0.332479 0.022656 0.022222
0 0.369531 0.068376 0.176563 0.105983
9 0.946094 0.338462 0.071875 0.205128
