0 0.496183 0.499452 0.992366 0.998904
0 0.562977 0.489035 0.118321 0.070175
0 0.885496 0.960526 0.083969 0.076754
0 0.732824 0.620614 0.160305 0.085526
0 0.809160 0.790570 0.175573 0.100877
0 0.635496 0.669408 0.171756 0.088816
0 0.658397 0.765899 0.156489 0.073465
0 0.677481 0.529057 0.141221 0.084430
0 0.856870 0.863487 0.164122 0.115132
0 0.799618 0.801535 0.156489 0.078947
0 0.625954 0.442434 0.122137 0.071272
0 0.778626 0.718750 0.175573 0.077851
0 0.713740 0.922697 0.152672 0.077851
0 0.778626 0.696272 0.183206 0.125000
0 0.858779 0.893092 0.167939 0.200658
0 0.654580 0.837171 0.240458 0.106360
0 0.709924 0.936952 0.198473 0.123904
0 0.486641 0.324013 0.072519 0.069079
0 0.666031 0.850877 0.202290 0.074561
0 0.562977 0.521930 0.118321 0.149123
0 0.622137 0.587719 0.099237 0.065789
0 0.587786 0.585526 0.167939 0.072368
0 0.812977 0.803180 0.190840 0.180921
0 0.517176 0.076206 0.064885 0.101974
0 0.778626 0.735746 0.183206 0.203947
0 0.790076 0.987390 0.045802 0.023026
0 0.770992 0.936952 0.312977 0.123904
0 0.272901 0.050439 0.026718 0.050439
0 0.345420 0.382675 0.087786 0.155702
0 0.541985 0.567434 0.083969 0.064693
0 0.786260 0.895285 0.312977 0.207237
0 0.576336 0.389803 0.030534 0.029605
0 0.169847 0.013706 0.019084 0.027412
0 0.921756 0.773575 0.026718 0.033991
0 0.845420 0.039474 0.255725 0.078947
0 0.719466 0.060307 0.011450 0.028509
0 0.372137 0.044408 0.141221 0.088816
0 0.790076 0.148026 0.267176 0.278509
0 0.946565 0.875000 0.099237 0.247807
0 0.587786 0.864583 0.053435 0.020833