0 0.499583 0.498180 0.999165 0.996360
0 0.757513 0.843039 0.089316 0.228389
0 0.404424 0.482257 0.074290 0.287534
0 0.987896 0.070519 0.022538 0.141037
0 0.065526 0.826206 0.077629 0.263876
0 0.550918 0.501365 0.065109 0.214741
0 0.896912 0.503185 0.077629 0.205641
0 0.896494 0.665150 0.078464 0.529572
0 0.060518 0.516379 0.064274 0.232029
0 0.107262 0.167880 0.070952 0.195632
0 0.060518 0.678799 0.064274 0.556870
0 0.712855 0.465878 0.041736 0.238399
0 0.283806 0.818016 0.053422 0.189263
0 0.896494 0.469518 0.078464 0.920837
0 0.568030 0.870792 0.087646 0.254777
0 0.343907 0.131483 0.076795 0.206551
0 0.878130 0.091902 0.036728 0.183803
0 0.260017 0.481802 0.062604 0.315742
0 0.260017 0.616470 0.062604 0.586897
0 0.722871 0.651501 0.061770 0.607825
0 0.537145 0.303003 0.104341 0.606005
0 0.901085 0.808917 0.047579 0.243858
0 0.536728 0.123749 0.103506 0.247498
0 0.259182 0.424932 0.060935 0.203822
0 0.095159 0.350318 0.095159 0.562329
0 0.522955 0.085532 0.074290 0.171065
0 0.557179 0.694268 0.077629 0.602366
0 0.540484 0.485441 0.111018 0.970883
0 0.753756 0.657871 0.098497 0.598726
0 0.303005 0.361692 0.148581 0.555960
0 0.929048 0.302093 0.140234 0.604186
0 0.646077 0.579618 0.010017 0.005460
0 0.895659 0.301183 0.071786 0.602366
0 0.740401 0.510464 0.011686 0.021838
0 0.669032 0.830755 0.005843 0.009099
0 0.324290 0.484531 0.010851 0.011829
0 0.241653 0.582803 0.022538 0.111920
0 0.973706 0.084622 0.050918 0.169245
0 0.665693 0.861692 0.274624 0.267516
0 0.930718 0.413103 0.136895 0.041856
0 0.905676 0.088717 0.186978 0.177434
0 0.544658 0.545951 0.005843 0.005460
0 0.941152 0.090082 0.109349 0.180164
0 0.616861 0.139672 0.011686 0.015469
0 0.570534 0.206096 0.039232 0.086442
0 0.455760 0.167425 0.005008 0.003640
0 0.553840 0.644677 0.009182 0.004550
0 0.236644 0.211556 0.007513 0.006369